0 0.3648936170212766 0.07017543859649122 0.3627659574468085 0.07814992025518341 0.3904255319148936 0.11323763955342903 0.3925531914893617 0.15789473684210525 0.40425531914893614 0.17703349282296652 0.41808510638297874 0.18341307814992025 0.41808510638297874 0.21052631578947367 0.4223404255319149 0.21371610845295055 0.49361702127659574 0.20095693779904306 0.5584287234042553 0.20095693779904306 0.6234042553191489 0.21212121212121213 0.6829787234042554 0.24242424242424243 0.7265957446808511 0.27910685805422647 0.7819148936170213 0.34609250398724084 0.8127659574468085 0.405103668261563 0.8212765957446808 0.4019138755980861 0.8340425531914893 0.37799043062200954 0.8361702127659575 0.34768740031897927 0.8329787234042553 0.3317384370015949 0.8117021276595745 0.27751196172248804 0.7680851063829788 0.21690590111642744 0.7340425531914894 0.18341307814992025 0.6851063829787234 0.1467304625199362 0.6223404255319149 0.11164274322169059 0.46702127659574466 0.06379585326953748 0.45 0.06379585326953748 0.4117021276595745 0.08133971291866028
0 0.3202127659574468 0.2838915470494418 0.3159574468085106 0.3078149920255183 0.30425531914893617 0.3333333333333333 0.2797872340425532 0.35406698564593303 0.28191489361702127 0.36363636363636365 0.28936170212765955 0.3668261562998405 0.3127659574468085 0.35566188197767146 0.3425531914893617 0.3620414673046252 0.48723404255319147 0.35406698564593303 0.5595744680851064 0.37320574162679426 0.6606382978723404 0.4194577352472089 0.752127659574468 0.49122807017543857 0.7723404255319148 0.5007974481658692 0.7925531914893617 0.49760765550239233 0.8021276595744681 0.48963317384370014 0.8127659574468085 0.4688995215311005 0.8138297872340425 0.43381180223285487 0.8085106382978723 0.40350877192982454 0.7946808510638298 0.3700159489633174 0.7755319148936171 0.3413078149920255 0.7095744680851064 0.266347687400319 0.6829787234042554 0.24401913875598086 0.6276595744680851 0.21690590111642744 0.5563829787234043 0.20414673046251994 0.4595744680851064 0.21052631578947367 0.3606382978723404 0.23763955342902712
0 0.0797872340425532 0.5055821371610846 0.07872340425531915 0.5279106858054227 0.08723404255319149 0.5550239234449761 0.10531914893617021 0.5741626794258373 0.14148936170212767 0.5933014354066986 0.16489361702127658 0.5980861244019139 0.22446808510638297 0.5869218500797448 0.2670212765957447 0.5709728867623605 0.298936170212766 0.5502392344497608 0.3393617021276596 0.507177033492823 0.4074468085106383 0.4529505582137161 0.4021276595744681 0.4370015948963317 0.4021276595744681 0.41892663476874 0.4095744680851064 0.3827751196172249 0.39787234042553193 0.3684210526315789 0.3553191489361702 0.3748006379585327 0.33617021276595743 0.3668261562998405 0.3127659574468085 0.3668261562998405 0.1946808510638298 0.3923444976076555 0.1574468085106383 0.4082934609250399 0.1276595744680851 0.430622009569378 0.09042553191489362 0.4800637958532695
0 0.22234042553191488 0.682615629984051 0.21808510638297873 0.7304625199362041 0.22021276595744682 0.7671451355661882 0.2297872340425532 0.7830940988835726 0.24361702127659574 0.7926634768740032 0.3148936170212766 0.7703349282296651 0.3776595744680851 0.7208931419457735 0.40425531914893614 0.696969696969697 0.41595744680851066 0.6586921850079744 0.4787234042553192 0.5709728867623605 0.48404255319148937 0.5502392344497608 0.4978723404255319 0.543859649122807 0.5095744680851064 0.5263157894736842 0.5180851063829788 0.49760765550239233 0.502127659574468 0.4784688995215311 0.5 0.4529505582137161 0.5063829787234042 0.44178628389154706 0.4851063829787234 0.42902711323763953 0.44574468085106383 0.430622009569378 0.37340425531914895 0.4800637958532695 0.2531914893617021 0.6012759170653907 0.2351063829787234 0.6331738437001595
0 0.526595744680851 0.3700159489633174 0.5276595744680851 0.39872408293460926 0.5446808510638298 0.4130781499202552 0.55 0.44019138755980863 0.5851063829787234 0.48325358851674644 0.6468085106382979 0.5422647527910686 0.7776595744680851 0.7352472089314195 0.7957446808510639 0.7464114832535885 0.8106382978723404 0.7416267942583732 0.8191489361702128 0.7304625199362041 0.824468085106383 0.7001594896331739 0.824468085106383 0.6634768740031898 0.8159574468085107 0.6012759170653907 0.7797872340425532 0.5087719298245614 0.752127659574468 0.4944178628389155 0.6627659574468086 0.42424242424242425 0.5627659574468085 0.37799043062200954
1 0.44893617021276594 0.6172248803827751 0.451063829787234 0.6251993620414673 0.5542553191489362 0.6251993620414673 0.6787234042553192 0.6794258373205742 0.6946808510638298 0.6746411483253588 0.7021276595744681 0.6523125996810207 0.6978723404255319 0.6236044657097288 0.6712765957446809 0.5853269537480064 0.6425531914893617 0.5629984051036683 0.6031914893617021 0.5502392344497608 0.5287234042553192 0.5518341307814992 0.5031914893617021 0.5614035087719298 0.4734042553191489 0.583732057416268 0.46063829787234045 0.6092503987240829
1 0.6159574468085106 0.6523125996810207 0.6095744680851064 0.6523125996810207 0.6095744680851064 0.6602870813397129 0.6457446808510638 0.7767145135566188 0.6627659574468086 0.7926634768740032 0.6819148936170213 0.7878787878787878 0.6925531914893617 0.7543859649122807 0.6893617021276596 0.6842105263157895 0.6393617021276595 0.6666666666666666
1 0.5861702127659575 0.5263157894736842 0.5840425531914893 0.5486443381180224 0.6372340425531915 0.5598086124401914 0.6329787234042553 0.5470494417862839 0.6074468085106383 0.5135566188197768 0.5925531914893617 0.5087719298245614
1 0.5329787234042553 0.6267942583732058 0.5329787234042553 0.6889952153110048 0.5425531914893617 0.7543859649122807 0.5882978723404255 0.7878787878787878 0.5957446808510638 0.773524720893142 0.597872340425532 0.7543859649122807 0.5957446808510638 0.6491228070175439 0.5680851063829787 0.631578947368421
1 0.5414893617021277 0.5151515151515151 0.5414893617021277 0.5374800637958532 0.5361702127659574 0.5486443381180224 0.574468085106383 0.5454545454545454 0.5531914893617021 0.5135566188197768 0.5446808510638298 0.5103668261562998
1 0.41382978723404257 0.6810207336523126 0.4085106382978723 0.7097288676236044 0.3925531914893617 0.7161084529505582 0.3904255319148936 0.7240829346092504 0.42872340425531913 0.7671451355661882 0.43936170212765957 0.784688995215311 0.43936170212765957 0.7990430622009569 0.44574468085106383 0.8086124401913876 0.4702127659574468 0.8149920255183413 0.5382978723404256 0.8899521531100478 0.5808510638297872 0.9170653907496013 0.625531914893617 0.9298245614035088 0.6414893617021277 0.9106858054226475 0.6436170212765957 0.8899521531100478 0.6372340425531915 0.8676236044657097 0.5872340425531914 0.7910685805422647 0.5457446808510639 0.759170653907496 0.4978723404255319 0.7400318979266348 0.4851063829787234 0.7304625199362041 0.48404255319148937 0.7161084529505582 0.4776595744680851 0.7304625199362041 0.45 0.7272727272727273 0.42659574468085104 0.7113237639553429 0.41702127659574467 0.6810207336523126