0 0.45198891249999995 0.43295260625000004 0.45655762656250004 0.42076937187499996 0.46264924531249996 0.40401742343749997 0.46264924531249996 0.3964029 0.45198891249999995 0.387265471875 0.4215308234375 0.37965095 0.42000791875 0.3964029 0.40782468281249995 0.4222922765625 0.427622440625 0.44665874843750003 0.45198891249999995 0.43295260625000004
0 0.3214865015625 0.2284737984375 0.3101434890625 0.2262051953125 0.294263271875 0.2341453046875 0.2885917640625 0.25229412500000004 0.2874574640625 0.2795173546875 0.3022033796875 0.3044719828125 0.322620803125 0.29199466875 0.32942661093750003 0.2783830546875 0.333963815625 0.251159821875 0.3214865015625 0.2284737984375
0 0.40996200156249996 0.21713078437500002 0.3997532890625 0.21032497656250002 0.38954457656249997 0.21032497656250002 0.378201565625 0.21145927812499998 0.37593296249999997 0.2239365921875 0.3691271546875 0.23301100312499998 0.3691271546875 0.24548831718750003 0.37593296249999997 0.2545627265625 0.38954457656249997 0.26704004062500003 0.3974846875 0.25796562968750003 0.40542479531250003 0.2432197140625 0.40996200156249996 0.2318767 0.40996200156249996 0.21713078437500002
0 0.396350384375 0.3509783359375 0.3884102765625 0.3407696234375 0.3691271546875 0.34530682968750004 0.372530059375 0.36799285312499996 0.3850073734375 0.3793358671875 0.3986189890625 0.3770672640625 0.40542479531250003 0.356649840625 0.396350384375 0.3509783359375
0 0.2863231625 0.36799285312499996 0.2772487515625 0.3691271546875 0.27611445 0.3793358671875 0.27044294375 0.3997532890625 0.2727115484375 0.40655909687499997 0.28065165625 0.4247079171875 0.29199466875 0.4269765203125 0.3010690796875 0.40542479531250003 0.3010690796875 0.396350384375 0.2965318734375 0.378201565625 0.2863231625 0.36799285312499996
0 0.323755103125 0.5007061015625001 0.3078748859375 0.48936309062500005 0.297666175 0.5018404046875 0.29086036718749997 0.5211235249999999 0.3090091875 0.5347351421875 0.3260237078125 0.5256607296875 0.32942661093750003 0.5154520203125 0.323755103125 0.5007061015625001
0 0.523392128125 0.4712142703125 0.5109148140625 0.450796846875 0.50410900625 0.450796846875 0.49957180156250003 0.46894566718749997 0.4973031984375 0.49276599374999996 0.512049115625 0.49957180156250003 0.5211235249999999 0.484825884375 0.523392128125 0.4712142703125
0 0.2625028359375 0.5029747062500001 0.255697028125 0.5109148140625 0.24775691875 0.551749659375 0.2590999328125 0.566495575 0.25796562968750003 0.5857786968750001 0.26930864374999997 0.5789728890625 0.2647714375 0.5472124546875 0.2647714375 0.52679503125 0.2625028359375 0.5029747062500001
0 0.24662261875000002 0.6481652687499999 0.2318767 0.652702471875 0.23074240000000001 0.6470309671875001 0.2239365921875 0.6458966640625 0.21145927812499998 0.6481652687499999 0.21032497656250002 0.662911184375 0.21145927812499998 0.6776571 0.2284737984375 0.6810600046874999 0.24548831718750003 0.6924030171875 0.25342842656250003 0.6731198968750001 0.255697028125 0.6595082796875 0.24662261875000002 0.6481652687499999
0 0.18135683125 0.6586379421874999 0.1821254 0.6686293359375 0.19104185468749998 0.6674483890625 0.20238486875 0.6595082796875 0.20465347031249997 0.652702471875 0.1955790609375 0.6413594609375 0.18135683125 0.6586379421874999
0 0.19903390937499998 0.6778521578125 0.19442249843749998 0.676315021875 0.18366253593749998 0.6793892953125 0.179051125 0.69168639375 0.17981969375 0.7093634718749999 0.185199675 0.723966275 0.192116790625 0.7093634718749999 0.197496771875 0.7001406484375 0.199802478125 0.68861211875 0.19903390937499998 0.6778521578125
0 0.2067195953125 0.773154665625 0.198265340625 0.780840353125 0.19903390937499998 0.79544315625 0.20518245937500001 0.8023602750000001 0.2128681453125 0.8008231359375 0.22516524218749998 0.7939060203125 0.2236281046875 0.780840353125 0.2128681453125 0.7746918046875 0.2067195953125 0.773154665625
0 0.1098799484375 0.8430944109375 0.0991199890625 0.8523172359375 0.0991199890625 0.8623086265625 0.11064851875 0.8623086265625 0.1160284984375 0.8615400578125 0.1198713421875 0.853854371875 0.1183342046875 0.846937253125 0.1098799484375 0.8430944109375
0 0.1421598328125 0.720892 0.1413912625 0.7331890984375 0.1552254984375 0.7324205296875 0.1675225953125 0.7262719796875 0.15829977343749999 0.7155120203124999 0.1544569296875 0.7155120203124999 0.1421598328125 0.720892