0 0.2768548984375 0.09486781250000001 0.30579008281250003 0.0796387671875 0.325587840625 0.0415661546875 0.325587840625 0.014153875 0.314927509375 0.0004477328124999999 0.2494426171875 0.0004477328124999999 0.2463968078125 0.0309058234375 0.25858004375 0.0628868171875 0.26314875625 0.08268457500000001 0.2768548984375 0.09486781250000001
0 0.21898452812500002 0.2760934453125 0.23421357187499997 0.2897995859375 0.26010294843750004 0.27761635 0.269240375 0.25477278281250004 0.266194565625 0.2212688828125 0.26162585312500003 0.193856603125 0.2494426171875 0.183196271875 0.2311677625 0.1877649859375 0.2205074328125 0.20756274375 0.21441581406250002 0.22431469218750003 0.212892909375 0.2456353546875 0.21898452812500002 0.2760934453125
0 0.4382827734375 0.16796722656250002 0.4215308234375 0.14055494531249998 0.4093475875 0.14055494531249998 0.4002101609375 0.1542610875 0.3865040203125 0.1740588453125 0.39411854218750003 0.1847191765625 0.4108704921875 0.199948221875 0.4260995375 0.201471125 0.43675986875 0.19233369843749998 0.44285148750000003 0.1816733671875 0.4382827734375 0.16796722656250002
0 0.5113821875 0.24868116406250002 0.5083363796875 0.22888340624999998 0.5052905703125 0.2151772671875 0.47940119374999995 0.20908564843750002 0.4596034359375 0.21213145781249998 0.45808053125 0.2304063109375 0.45198891249999995 0.25477278281250004 0.45198891249999995 0.27457054062499997 0.4596034359375 0.2928453953125 0.47940119374999995 0.30959734375000003 0.4991989515625 0.301982821875 0.50072185625 0.28523087187499996 0.5129050921875 0.263910209375 0.5113821875 0.24868116406250002
0 0.30426717812500004 0.399448709375 0.293606846875 0.39031128125 0.278377803125 0.3857425671875 0.266194565625 0.393357090625 0.25858004375 0.414677753125 0.25858004375 0.4222922765625 0.25858004375 0.4436129390625 0.2799007078125 0.45579617499999997 0.29665265625 0.44513584375 0.30426717812500004 0.43295260625000004 0.30579008281250003 0.41620065781250004 0.30426717812500004 0.399448709375
0 0.18700353281249998 0.46493360156249997 0.1885264375 0.4314297015625 0.17025158437500001 0.40554032656250005 0.1580683484375 0.414677753125 0.1580683484375 0.44665874843750003 0.15045382499999999 0.463410696875 0.1413163984375 0.48625426406249994 0.1519767296875 0.4908229765625 0.167205775 0.48625426406249994 0.17177448906249998 0.5121436390625 0.1839577234375 0.541078825 0.20223257656250002 0.5334643031249999 0.2007096734375 0.5060520234375 0.19309515156249998 0.4786397421875 0.18700353281249998 0.46493360156249997
0 0.1839577234375 0.6583424703125 0.1687286796875 0.6431134265625 0.1458851125 0.6461592359375 0.138270590625 0.6370218078125001 0.1306560671875 0.630930190625 0.10324378593750001 0.630930190625 0.09867507187499999 0.6507279484375 0.0880147421875 0.6720486125 0.110858309375 0.694892178125 0.138270590625 0.6918463703125 0.1656828703125 0.6994608921875 0.1748202984375 0.6918463703125 0.1839577234375 0.6766173234374999 0.1839577234375 0.6583424703125
0 0.1215186390625 0.830430678125 0.09258345625 0.830430678125 0.09258345625 0.8471826265625 0.09106055156250001 0.8669803843749999 0.1093354046875 0.8669803843749999 0.13370187656250002 0.8715490984375001 0.14283930312499998 0.8608887671875 0.13370187656250002 0.8410910078124999 0.1215186390625 0.830430678125
0 0.06669407968749999 0.6796631328125 0.045373415625 0.7009837953125 0.0468963203125 0.71925865 0.0529879390625 0.7360105984375 0.077354409375 0.7481938359375 0.08040021875 0.71925865 0.0849689328125 0.694892178125 0.083446028125 0.678140228125 0.06669407968749999 0.6796631328125
0 0.0194840390625 0.7573312609375 0.002732090625 0.75580835625 0.002732090625 0.7664686890625 0.008823709374999999 0.7832206375 0.03319018125 0.7786519249999999 0.03319018125 0.771037403125 0.03319018125 0.7634228796875 0.0194840390625 0.7573312609375
0 -0.0015625 0.7035727328125 0.002732090625 0.71925865 0.0194840390625 0.7040296046875001 0.017961134375 0.694892178125 0.002732090625 0.6964150828125 -0.0015625 0.7035727328125
0 0.08040021875 0.6080866234375 0.06669407968749999 0.6080866234375 0.05451084375 0.6431134265625 0.03775889375 0.6552966609374999 0.040804701562500004 0.66595699375 0.057556651562500005 0.6720486125 0.08040021875 0.6644340890625 0.0880147421875 0.6324530937499999 0.0880147421875 0.6126553359375 0.08040021875 0.6080866234375
0 0.20527838593749997 0.10248233437500001 0.20375548124999998 0.1040052390625 0.1961409609375 0.1177113796875 0.197663865625 0.132940425 0.2113700046875 0.1375091375 0.2205074328125 0.1192342828125 0.2205074328125 0.10248233437500001 0.20527838593749997 0.10248233437500001
0 0.44285148750000003 0.0126309703125 0.4467224328125 -0.0015625 0.4002101609375 0.0004477328124999999 0.40782468281249995 0.024814206249999998 0.42000791875 0.0278600140625 0.43980567812500004 0.024814206249999998 0.44285148750000003 0.0126309703125
0 0.5585922265625001 0.40401742343749997 0.563160940625 0.37508223749999997 0.563160940625 0.3461470515625 0.5525006078125 0.32939510156249996 0.5464089921874999 0.3507157640625 0.5464089921874999 0.3811738546875 0.5464089921874999 0.40249451875000003 0.5585922265625001 0.40401742343749997