0 0.3854219578125 0.5682025562499999 0.38734562499999997 0.5333200265625 0.365223434375 0.502541328125 0.35849059375 0.490229846875 0.34021574062500004 0.4717626265625 0.3305973953125 0.45739923281249995 0.3094370375 0.4040494828125 0.282505675 0.375322696875 0.275772834375 0.3486478234375 0.2632689875 0.31171338125000003 0.2372994578125 0.28503850625 0.2180627703125 0.2645193703125 0.203635253125 0.225533015625 0.1834367296875 0.22963684374999999 0.2507651390625 0.3917380015625 0.361376096875 0.5743582968750001 0.37387994375 0.555891075 0.3854219578125 0.5682025562499999
0 0.51430776875 0.631811871875 0.5431628 0.633863784375 0.5595139859375 0.621552303125 0.546048303125 0.5743582968750001 0.5316207875 0.5640987281250001 0.504689425 0.549735334375 0.4729488875 0.5415276828125 0.4498648625 0.5292162015625 0.4373610140625 0.5251123734375 0.42581900156249997 0.5312681140625 0.42100983125 0.5394757671875 0.42389533437500004 0.572306384375 0.44601752499999997 0.5640987281250001 0.462368709375 0.5928255171875 0.47871989531250003 0.6195003906250001 0.51430776875 0.631811871875
0 0.5902926859375001 0.6749020546875 0.5999110296875 0.699525015625 0.6191477187500001 0.6974731000000001 0.63068973125 0.6790058796875 0.616262215625 0.6646424859375 0.5902926859375001 0.6749020546875
0 0.7461098609375 0.7015769281249999 0.73168234375 0.703628840625 0.7201403328125 0.70978458125 0.715331159375 0.7323556296875 0.7268731734375 0.7282518015624999 0.7393770203125001 0.7282518015624999 0.7518808671875 0.7200441484375 0.7528427015625 0.705680753125 0.7461098609375 0.7015769281249999
0 0.8557589828125 0.689265446875 0.8394078 0.687213534375 0.8336367921875001 0.6954211875 0.8317131234374999 0.7241479734375 0.8519116468749999 0.7220960609375 0.8653773265625 0.7159403203125 0.8701865 0.6974731000000001 0.8557589828125 0.689265446875
0 0.7470716953125 0.46765879843749997 0.7172548296875 0.4532954046875 0.7076364828124999 0.4532954046875 0.694170803125 0.47997027968749995 0.694170803125 0.49228175937499996 0.7172548296875 0.504593240625 0.73168234375 0.5128008937499999 0.7518808671875 0.50869706875 0.7566900390625 0.48817793125 0.7470716953125 0.46765879843749997
0 0.3724516203125 -0.0015625 0.12572666562499998 0.005978282812500001 0.133421340625 0.08805481875 0.1305358375 0.0531722890625 0.14207785 0.020341675 0.15939087031250002 0.028549328125000002 0.1776657234375 0.057276117187499996 0.20748259062500002 0.086002903125 0.2421086296875 0.14961221875 0.2459559671875 0.17218326875 0.2940476875 0.24810406562499998 0.34021574062500004 0.297349984375 0.3921547984375 0.34044016718750003 0.38926929375 0.363011215625 0.3979258046875 0.3814784375 0.4200479953125 0.412257134375 0.476796225 0.4102052234375 0.5114222640625 0.41636096250000004 0.5239261125 0.4430358375 0.56047581875 0.45945114531250003 0.5825980109375 0.43688009687499996 0.5960636921875 0.39584182968750004 0.600872865625 0.3835303484375 0.5951018578125 0.35480355937499997 0.5797125078125 0.30966146562499997 0.551819309375 0.27272702656250003 0.5498956421875 0.21937727499999998 0.5652849921875001 0.2009100546875 0.5989491953125 0.2070657953125 0.6133767125 0.223481103125 0.6518500890625 0.24400023750000002 0.714369325 0.2747789390625 0.73745335 0.2665712859375 0.734567846875 0.233740671875 0.730720509375 0.20501388281250002 0.7028273125 0.18039092031249998 0.5614376546875001 0.10241821250000001 0.454674034375 -0.0015625 0.3724516203125 -0.0015625
0 0.86826283125 0.4656068859375 0.896156028125 0.4758664515625 0.9057743734375 0.4717626265625 0.9076980406249999 0.4430358375 0.9000033671875001 0.42867244375 0.87980484375 0.3978937421875 0.8644154937499999 0.40610139843750004 0.8442169703125 0.424568615625 0.8471024734375 0.45945114531250003 0.86826283125 0.4656068859375
0 0.877881175 0.3835303484375 0.8865376843749999 0.363011215625 0.8894231874999999 0.3424920828125 0.8903850234374999 0.32607677343749997 0.9182782203125001 0.3281286859375 0.9365530734374999 0.3322325140625 0.9432859140625001 0.32607677343749997 0.9192400546874999 0.30966146562499997 0.901927034375 0.28914233125 0.87595750625 0.28093467968749997 0.8547971499999999 0.282986590625 0.8220947796875 0.282986590625 0.79035424375 0.28503850625 0.7816977328125 0.30966146562499997 0.79035424375 0.34044016718750003 0.82113294375 0.3445439953125 0.8345986265625 0.38558226093750003 0.8528734796874999 0.38558226093750003 0.8692246640624999 0.367115040625 0.877881175 0.3835303484375
0 0.985606628125 0.375322696875 0.9952249734375 0.3876341765625 0.9952249734375 0.3424920828125 0.9913776343749999 0.3322325140625 0.979835621875 0.3342844265625 0.97310278125 0.35685547500000003 0.985606628125 0.375322696875
0 0.91553094375 0.620299040625 0.945077115625 0.59508630625 0.926364540625 0.5677725140625001 0.9411376265625 0.513144928125 0.926364540625 0.5068417453125 0.9037124765625 0.5026396234375 0.8889393921875 0.5026396234375 0.8653024546875001 0.5047406828125001 0.8653024546875001 0.52785235625 0.8564386031250001 0.52575129375 0.8564386031250001 0.513144928125 0.8485596234375 0.513144928125 0.8426503890625 0.5236502328125 0.8456050062499999 0.546761903125 0.8554537296875001 0.5551661484375 0.8672721984375 0.5551661484375 0.8840150296875 0.546761903125 0.90666709375 0.5404587203125 0.8948486250000001 0.563570390625 0.882045284375 0.57827781875 0.8623478375 0.588783125 0.849544496875 0.603490553125 0.87416630625 0.6118947953125 0.8899242624999999 0.6118947953125 0.9125763265625 0.6413096515625 0.91553094375 0.620299040625
0 0.32066803906249997 0.4249003625 0.33938061406250003 0.4270014265625 0.33938061406250003 0.41649612031250005 0.331501634375 0.4122939984375 0.3344562515625 0.3912833875 0.32362265625000003 0.3807780828125 0.31278906093750003 0.36186853124999996 0.331501634375 0.3744749 0.3403654875 0.3492621671875 0.32953188906249997 0.34506004375 0.3009705921875 0.30513988593749997 0.28718237812499997 0.3030388234375 0.28718237812499997 0.3219483734375 0.2842277609375 0.342958984375 0.29506135625 0.3744749 0.30491008124999996 0.3849802046875 0.315743678125 0.403889753125 0.32066803906249997 0.4249003625