0 0.0529879390625 0.4771168375 0.0819231234375 0.47102521875000003 0.11999573593749999 0.47102521875000003 0.1519767296875 0.47102521875000003 0.1763432015625 0.4816855515625 0.21746162343750003 0.48777716875 0.2570571390625 0.49234588125 0.2570571390625 0.4816855515625 0.28446941875 0.4816855515625 0.3271107453125 0.4816855515625 0.3545230265625 0.4695023140625 0.3667062609375 0.44209003437499994 0.35147721718749997 0.4222922765625 0.3453855984375 0.41163194374999995 0.35147721718749997 0.39031128125 0.35300012187499996 0.37965095 0.33929398125 0.361376096875 0.32863365 0.3491928609375 0.299698465625 0.3583302875 0.28446941875 0.3598531921875 0.26314875625 0.365944809375 0.24335099843750002 0.365944809375 0.21898452812500002 0.3461470515625 0.20527838593749997 0.3507157640625 0.22812195468750002 0.3628990015625 0.24182809375 0.37508223749999997 0.21746162343750003 0.393357090625 0.1991867703125 0.3781280453125 0.19461805625 0.3568073828125 0.15045382499999999 0.3507157640625 0.11847283125000001 0.3598531921875 0.0697398875 0.3568073828125 0.040804701562500004 0.3674677140625 -0.0003137187499999999 0.3705135234375 -0.0015625 0.48016264687500004 0.017961134375 0.48016264687500004 0.0529879390625 0.4771168375
0 0.11999573593749999 0.225837596875 0.11238121406249998 0.20451693437500001 0.09258345625 0.199948221875 0.04232760625 0.2029940296875 0.025575657812500003 0.2227917875 0.025575657812500003 0.2395437390625 0.0468963203125 0.25477278281250004 0.065171175 0.25477278281250004 0.0849689328125 0.2517269734375 0.10476669062499999 0.2395437390625 0.11999573593749999 0.225837596875
0 0.26010294843750004 0.201471125 0.2250761453125 0.201471125 0.2083241953125 0.2197459796875 0.20527838593749997 0.2395437390625 0.22964485781250002 0.2562956875 0.2677174703125 0.2425895453125 0.287515228125 0.2304063109375 0.287515228125 0.2029940296875 0.26010294843750004 0.201471125
0 0.15502253906250002 0.2974141078125 0.1748202984375 0.28523087187499996 0.16263706093750002 0.2700018265625 0.1443622078125 0.27457054062499997 0.15502253906250002 0.2974141078125
0 0.5144279968750001 0.27152473125 0.5311799453125 0.24868116406250002 0.5311799453125 0.231929215625 0.520519615625 0.22431469218750003 0.4976760484375 0.22888340624999998 0.4809240984375 0.23802083437500002 0.45808053125 0.253249878125 0.4382827734375 0.2608644015625 0.42457663281249997 0.280662159375 0.455034721875 0.28827668125 0.4778782890625 0.2867537765625 0.5144279968750001 0.27152473125
0 0.39411854218750003 0.16035270468750001 0.36822916562499997 0.1710130359375 0.3575688359375 0.1847191765625 0.3727978796875 0.1847191765625 0.388026925 0.1984253171875 0.4093475875 0.1969024125 0.43066825 0.1847191765625 0.427622440625 0.16796722656250002 0.39411854218750003 0.16035270468750001
0 0.6667184453125 0.19081079375 0.6606268265625 0.183196271875 0.6514894015625 0.16796722656250002 0.6271229296875 0.1771046546875 0.6210313109375 0.1969024125 0.6240771203125 0.21213145781249998 0.6240771203125 0.234975025 0.66214973125 0.23802083437500002 0.6728100640625 0.21060855312500001 0.6667184453125 0.19081079375
0 0.6986994390625 0.1984253171875 0.6910849171875 0.218223075 0.6880391078125 0.2456353546875 0.7078368671875 0.23802083437500002 0.72154300625 0.2167001703125 0.724588815625 0.18624208125 0.6986994390625 0.1984253171875
0 0.756569809375 0.20908564843750002 0.7641843328125 0.1771046546875 0.75504690625 0.19081079375 0.756569809375 0.20908564843750002
0 0.4854928125 0.4405671296875 0.4717866703125 0.4192464671875 0.4854928125 0.4131548484375 0.5281341375 0.4131548484375 0.5464089921874999 0.42838389374999997 0.5677296546874999 0.42838389374999997 0.569252559375 0.41620065781250004 0.5875274125 0.4101090390625 0.622554215625 0.408586134375 0.643874878125 0.393357090625 0.6743329671875 0.3948799953125 0.7078368671875 0.40401742343749997 0.727634625 0.42381518125 0.7322033390625 0.43904422500000007 0.6849933 0.4481816515625 0.6453977828124999 0.4481816515625 0.6027564578125 0.4618877921875 0.57686708125 0.47559393281249995 0.5722983671875 0.49386878593750005 0.5677296546874999 0.5121436390625 0.5966648390625 0.5182352578125 0.63169164375 0.5182352578125 0.6956536296875 0.5060520234375 0.735249146875 0.5060520234375 0.8174859890624999 0.5045291187500001 0.858604409375 0.49234588125 0.8860166906250001 0.48625426406249994 0.8266234156250001 0.47102521875000003 0.8068256578125 0.45579617499999997 0.77027595 0.44209003437499994 0.7915966140624999 0.4222922765625 0.790073709375 0.399448709375 0.7717988546875 0.3781280453125 0.7504781921875 0.36899061875 0.73372624375 0.36899061875 0.7200201015625 0.3674677140625 0.7108826765625 0.340055434375 0.6880391078125 0.34310124375 0.6743329671875 0.34766995624999997 0.6743329671875 0.32634929218750003 0.6941307250000001 0.3172118671875 0.7002223437499999 0.2974141078125 0.7017452484375 0.280662159375 0.6941307250000001 0.26543311406250003 0.6834703953125 0.2623873046875 0.6560581140624999 0.2760934453125 0.6469206875 0.303505725 0.665195540625 0.327872196875 0.6423519734375 0.35223866875 0.616462596875 0.35223866875 0.6042793625 0.34766995624999997 0.5783899859375 0.340055434375 0.5677296546874999 0.3415783390625 0.5540235124999999 0.35223866875 0.5540235124999999 0.3811738546875 0.529657040625 0.40401742343749997 0.4885386203125 0.3948799953125 0.47330957500000004 0.3857425671875 0.44285148750000003 0.3857425671875 0.4108704921875 0.40249451875000003 0.42914534531250004 0.4192464671875 0.43066825 0.4299067984375 0.41543920625 0.4375213203125 0.404778875 0.4573190796875 0.4002101609375 0.47559393281249995 0.4139163015625 0.48320845625000003 0.43675986875 0.4984375 0.493107334375 0.49996040468749997 0.5083363796875 0.4908229765625 0.5022447609375 0.4512274609375 0.4854928125 0.4405671296875
0 0.4717866703125 0.306551534375 0.48701571718750003 0.33091800625 0.5022447609375 0.340055434375 0.5250883296875 0.318734771875 0.5174738062500001 0.303505725 0.48701571718750003 0.2974141078125 0.4717866703125 0.306551534375
0 0.7824591859375001 0.3004599171875 0.7824591859375001 0.280662159375 0.7748446640625 0.26695601875 0.7611385234375 0.26695601875 0.75961561875 0.2837079671875 0.752001096875 0.2730476359375 0.74286366875 0.2730476359375 0.724588815625 0.2867537765625 0.7322033390625 0.3141660578125 0.7443865734374999 0.3156889625 0.7687530453125 0.3172118671875 0.7824591859375001 0.3004599171875
0 0.8890625 0.4070632296875 0.8784021687499999 0.3857425671875 0.8631731234375 0.3857425671875 0.8479440796875 0.3857425671875 0.8311921296874999 0.387265471875 0.8174859890624999 0.399448709375 0.819908790625 0.41990131562500005 0.8348609453125 0.42644288281250003 0.8525127921875001 0.42381518125 0.870787646875 0.414677753125 0.8890625 0.4070632296875
0 0.9967927624999999 0.334101340625 0.9814980046875 0.3260898 0.9685473218749999 0.3260898 0.9530065015625 0.3079588421875 0.9271051328125001 0.30277856875000003 0.9219248609375 0.32997500468749996 0.9400558171875 0.3519911671875 0.9568917062500001 0.3597615765625 0.97890786875 0.3468108953125 0.9967927624999999 0.36364678281249996 0.9967927624999999 0.334101340625
0 0.9050889703125 0.3843678765625 0.91544951875 0.4076791078125 0.93746568125 0.41803965468750004 0.946531159375 0.4063840390625 0.93746568125 0.3856629453125 0.9219248609375 0.38048267343750003 0.9050889703125 0.3843678765625