0 0.4382827734375 0.08877619375 0.427622440625 0.085730384375 0.42000791875 0.0933449078125 0.41239339687500004 0.1192342828125 0.406301778125 0.14816946875 0.39868725625 0.2029940296875 0.4139163015625 0.2212688828125 0.43523696406249995 0.1984253171875 0.44437439218749997 0.16187560781250002 0.4504660078125 0.12684880625 0.4382827734375 0.08877619375
0 0.5281341375 0.08268457500000001 0.5144279968750001 0.116188475 0.5113821875 0.14816946875 0.5189967109375 0.178627559375 0.529657040625 0.193856603125 0.56011513125 0.178627559375 0.573821271875 0.12684880625 0.573821271875 0.0933449078125 0.56620675 0.07354714999999999 0.5281341375 0.08268457500000001
0 0.4976760484375 0.3156889625 0.482447003125 0.32482638750000004 0.47330957500000004 0.355284478125 0.4809240984375 0.387265471875 0.5052905703125 0.393357090625 0.5189967109375 0.3735593328125 0.5281341375 0.340055434375 0.5189967109375 0.3156889625 0.4976760484375 0.3156889625
0 0.6210313109375 0.435998415625 0.6103709796875 0.4101090390625 0.56620675 0.41163194374999995 0.5311799453125 0.435998415625 0.529657040625 0.474071028125 0.5433631828125 0.507574928125 0.5677296546874999 0.52584978125 0.6012335531249999 0.507574928125 0.6118938828125 0.4908229765625 0.6240771203125 0.46493360156249997 0.6210313109375 0.435998415625
0 0.7230659109375 0.6431134265625 0.73372624375 0.624838571875 0.7443865734374999 0.6019950046875 0.745909478125 0.5791514375 0.7413407640624999 0.55173915625 0.72154300625 0.5532620609375 0.7063139625 0.5821972468750001 0.6910849171875 0.61722405 0.6789016812499999 0.6339759984375 0.6971765343749999 0.64463633125 0.7230659109375 0.6431134265625
0 0.36213755000000003 0.5304184937499999 0.346908503125 0.554784965625 0.3453855984375 0.5821972468750001 0.3606146453125 0.6080866234375 0.38193530781249996 0.5959033859375 0.3865040203125 0.576105628125 0.37736659375000003 0.5426017296875 0.36213755000000003 0.5304184937499999
0 0.3697520703125 0.3156889625 0.3606146453125 0.3354867203125 0.3545230265625 0.36442190625 0.35147721718749997 0.3964029 0.3636604546875 0.4222922765625 0.3788894984375 0.3948799953125 0.38193530781249996 0.355284478125 0.3788894984375 0.3233034859375 0.3697520703125 0.3156889625
0 0.2570571390625 0.7268731734375 0.23421357187499997 0.737533503125 0.22355324062499998 0.7695144984375 0.2250761453125 0.7801748296875 0.23725938124999998 0.7999725874999999 0.24182809375 0.8152016328125 0.26314875625 0.792358065625 0.266194565625 0.7588541656250001 0.25401133124999997 0.7588541656250001 0.2570571390625 0.7268731734375
0 0.153499634375 0.9248507546875 0.13522478124999998 0.9461714171875 0.1489309203125 0.9720607937500001 0.17329739375 0.9629233671874999 0.1763432015625 0.938556896875 0.153499634375 0.9248507546875
0 0.20032894687499997 0.7590254937500001 0.1900493421875 0.773416940625 0.17462993437500002 0.7878083874999999 0.1748202984375 0.8152016328125 0.185480628125 0.8091100140625 0.2098471 0.7756061171875 0.2147203953125 0.7610814140625 0.20032894687499997 0.7590254937500001
0 0.12528782968750002 0.8155633218749999 0.122203946875 0.8278988484375001 0.1283717109375 0.8361225328125 0.1407072375 0.8268708874999999 0.1479029609375 0.8135074015624999 0.1376233546875 0.806311678125 0.12528782968750002 0.8155633218749999