1 0.04814814814814815 0.7861111111111111 0.04814814814814815 0.8222222222222222 0.07037037037037037 0.8611111111111112 0.12777777777777777 0.9 0.2462962962962963 0.9305555555555556 0.3333333333333333 0.9222222222222223 0.10185185185185185 0.7805555555555556 0.07222222222222222 0.7722222222222223
1 0.02962962962962963 0.6222222222222222 0.03518518518518519 0.6611111111111111 0.12037037037037036 0.7694444444444445 0.20925925925925926 0.8277777777777777 0.2518518518518518 0.8222222222222222 0.2222222222222222 0.7722222222222223 0.1 0.6388888888888888 0.05555555555555555 0.6111111111111112
1 0.07407407407407407 0.5166666666666667 0.06481481481481481 0.5333333333333333 0.044444444444444446 0.525 0.17777777777777778 0.6916666666666667 0.21851851851851853 0.7222222222222222 0.23333333333333334 0.7277777777777777 0.24259259259259258 0.7194444444444444 0.23703703703703705 0.6666666666666666 0.18703703703703703 0.5888888888888889 0.15925925925925927 0.5611111111111111
1 0.044444444444444446 0.3527777777777778 0.037037037037037035 0.3638888888888889 0.03888888888888889 0.39166666666666666 0.06666666666666667 0.45 0.16296296296296298 0.5388888888888889 0.19444444444444445 0.5444444444444444 0.18333333333333332 0.49722222222222223 0.1259259259259259 0.4027777777777778 0.08333333333333333 0.3638888888888889
1 0.1962962962962963 0.225 0.19814814814814816 0.26666666666666666 0.1685185185185185 0.3138888888888889 0.1814814814814815 0.38333333333333336 0.21481481481481482 0.4444444444444444 0.2388888888888889 0.4583333333333333 0.26481481481481484 0.45555555555555555 0.2851851851851852 0.43333333333333335 0.2962962962962963 0.4 0.29259259259259257 0.31666666666666665 0.2574074074074074 0.2638888888888889 0.24814814814814815 0.22777777777777777
1 0.05185185185185185 0.16666666666666666 0.05 0.19722222222222222 0.05925925925925926 0.2361111111111111 0.07777777777777778 0.26944444444444443 0.0962962962962963 0.2833333333333333 0.11851851851851852 0.2833333333333333 0.15185185185185185 0.2638888888888889 0.17222222222222222 0.21666666666666667 0.1685185185185185 0.16666666666666666 0.14074074074074075 0.09166666666666666 0.08333333333333333 0.07777777777777778 0.07037037037037037 0.044444444444444446 0.06111111111111111 0.05 0.06851851851851852 0.08888888888888889
1 0.2111111111111111 0.12777777777777777 0.21296296296296297 0.175 0.22962962962962963 0.20277777777777778 0.2462962962962963 0.21388888888888888 0.29814814814814816 0.20833333333333334 0.32037037037037036 0.18611111111111112 0.3388888888888889 0.14166666666666666 0.34074074074074073 0.10555555555555556 0.3333333333333333 0.08333333333333333 0.35185185185185186 0.030555555555555555 0.34444444444444444 0.027777777777777776 0.32407407407407407 0.05555555555555555 0.2962962962962963 0.041666666666666664 0.25925925925925924 0.058333333333333334 0.23148148148148148 0.08333333333333333
1 0.32592592592592595 0.21666666666666667 0.3351851851851852 0.25833333333333336 0.3148148148148148 0.31666666666666665 0.3314814814814815 0.39444444444444443 0.37037037037037035 0.4305555555555556 0.39444444444444443 0.4305555555555556 0.4388888888888889 0.40555555555555556 0.45185185185185184 0.37222222222222223 0.45185185185185184 0.33611111111111114 0.42777777777777776 0.26666666666666666 0.40370370370370373 0.24166666666666667 0.3537037037037037 0.25555555555555554 0.3351851851851852 0.21388888888888888
1 0.4203703703703704 0.14166666666666666 0.4222222222222222 0.2 0.4351851851851852 0.24166666666666667 0.46111111111111114 0.26944444444444443 0.5185185185185185 0.2916666666666667 0.5481481481481482 0.19722222222222222 0.5462962962962963 0.16111111111111112 0.5314814814814814 0.11388888888888889 0.5055555555555555 0.08333333333333333 0.4722222222222222 0.06944444444444445 0.4462962962962963 0.08333333333333333
1 0.562962962962963 0.05277777777777778 0.5833333333333334 0.16111111111111112 0.6425925925925926 0.25833333333333336 0.6814814814814815 0.2833333333333333 0.7148148148148148 0.2861111111111111 0.7574074074074074 0.25 0.7648148148148148 0.21944444444444444 0.7611111111111111 0.19444444444444445 0.725925925925926 0.12777777777777777 0.6537037037037037 0.09444444444444444 0.6055555555555555 0.08888888888888889
1 0.7925925925925926 0.11666666666666667 0.7962962962962963 0.19444444444444445 0.8555555555555555 0.325 0.8592592592592593 0.3638888888888889 0.8685185185185185 0.37222222222222223 0.8796296296296297 0.3388888888888889 0.9074074074074074 0.3 0.9203703703703704 0.17777777777777778 0.912962962962963 0.06944444444444445 0.8944444444444445 0.03611111111111111 0.8759259259259259 0.022222222222222223 0.8407407407407408 0.025 0.8111111111111111 0.06111111111111111
1 0.5555555555555556 0.3333333333333333 0.5555555555555556 0.35 0.6129629629629629 0.44722222222222224 0.7407407407407407 0.5305555555555556 0.7703703703703704 0.5361111111111111 0.7944444444444444 0.5277777777777778 0.8333333333333334 0.4638888888888889 0.8333333333333334 0.4361111111111111 0.8148148148148148 0.3861111111111111 0.7592592592592593 0.3388888888888889 0.6333333333333333 0.3111111111111111 0.6018518518518519 0.3277777777777778 0.587037037037037 0.3472222222222222
1 0.8111111111111111 0.6916666666666667 0.8092592592592592 0.7472222222222222 0.8185185185185185 0.7888888888888889 0.8314814814814815 0.8194444444444444 0.8611111111111112 0.8555555555555555 0.8944444444444445 0.8638888888888889 0.9351851851851852 0.8444444444444444 0.9740740740740741 0.7777777777777778 0.9777777777777777 0.7083333333333334 0.9592592592592593 0.5944444444444444 0.9722222222222222 0.5611111111111111 0.9351851851851852 0.5027777777777778 0.9037037037037037 0.4861111111111111 0.8518518518518519 0.4 0.8481481481481481 0.41944444444444445 0.8814814814814815 0.49722222222222223 0.8537037037037037 0.5194444444444445 0.8592592592592593 0.5361111111111111 0.8537037037037037 0.5638888888888889